211076403605
211076403605
211076403605
211076403605
211076403605           
211076403605
211076403604
211076403603
211076403603           
211076403603
211076403603
211076403603
276510011631
276510011630
276510011630
276510011629
276510011628
276510011628            
276510011627
276510011627
276510011626
276510011626              
276510011625
276510011625
276510011624
276510011623
276510011623
276510011623
276510011622
276510011622
276510011621
276510011621
276510011621
276510011620
276510011620             
276510011619
276510011619
276510011618
